***************** GRID GENERATOR INFORMATION **********************************************
KAT   NumNP    NumEl   NumBP    IJ   NumMat
  2     192     155      12      6      0
   n           x          y      MatNum
    1        0.00      100.00       1
    2        0.75      100.00       1
    3        1.80      100.00       1
    4        3.27      100.00       1
    5        5.33      100.00       1
    6        9.52      100.00       1
    7        0.00       99.95       1
    8        0.75       99.95       1
    9        1.80       99.95       1
   10        3.27       99.95       1
   11        5.33       99.95       1
   12        9.52       99.95       1
   13        0.00       99.87       1
   14        0.75       99.87       1
   15        1.80       99.87       1
   16        3.27       99.87       1
   17        5.33       99.87       1
   18        9.52       99.87       1
   19        0.00       99.74       1
   20        0.75       99.74       1
   21        1.80       99.74       1
   22        3.27       99.74       1
   23        5.33       99.74       1
   24        9.52       99.74       1
   25        0.00       99.54       1
   26        0.75       99.54       1
   27        1.80       99.54       1
   28        3.27       99.54       1
   29        5.33       99.54       1
   30        9.52       99.54       1
   31        0.00       99.21       1
   32        0.75       99.21       1
   33        1.80       99.21       1
   34        3.27       99.21       1
   35        5.33       99.21       1
   36        9.52       99.21       1
   37        0.00       98.69       1
   38        0.75       98.69       1
   39        1.80       98.69       1
   40        3.27       98.69       1
   41        5.33       98.69       1
   42        9.52       98.69       1
   43        0.00       97.00       1
   44        0.75       97.00       1
   45        1.80       97.00       1
   46        3.27       97.00       1
   47        5.33       97.00       1
   48        9.52       97.00       1
   49        0.00       95.00       1
   50        0.75       95.00       1
   51        1.80       95.00       1
   52        3.27       95.00       1
   53        5.33       95.00       1
   54        9.52       95.00       1
   55        0.00       92.00       1
   56        0.75       92.00       1
   57        1.80       92.00       1
   58        3.27       92.00       1
   59        5.33       92.00       1
   60        9.52       92.00       1
   61        0.00       90.00       1
   62        0.75       90.00       1
   63        1.80       90.00       1
   64        3.27       90.00       1
   65        5.33       90.00       1
   66        9.52       90.00       1
   67        0.00       88.00       1
   68        0.75       88.00       1
   69        1.80       88.00       1
   70        3.27       88.00       1
   71        5.33       88.00       1
   72        9.52       88.00       1
   73        0.00       83.75       1
   74        0.75       83.75       1
   75        1.80       83.75       1
   76        3.27       83.75       1
   77        5.33       83.75       1
   78        9.52       83.75       1
   79        0.00       79.50       1
   80        0.75       79.50       1
   81        1.80       79.50       1
   82        3.27       79.50       1
   83        5.33       79.50       1
   84        9.52       79.50       1
   85        0.00       77.50       1
   86        0.75       77.50       1
   87        1.80       77.50       1
   88        3.27       77.50       1
   89        5.33       77.50       1
   90        9.52       77.50       1
   91        0.00       75.50       1
   92        0.75       75.50       1
   93        1.80       75.50       1
   94        3.27       75.50       1
   95        5.33       75.50       1
   96        9.52       75.50       1
   97        0.00       73.75       1
   98        0.75       73.75       1
   99        1.80       73.75       1
  100        3.27       73.75       1
  101        5.33       73.75       1
  102        9.52       73.75       1
  103        0.00       72.00       1
  104        0.75       72.00       1
  105        1.80       72.00       1
  106        3.27       72.00       1
  107        5.33       72.00       1
  108        9.52       72.00       1
  109        0.00       70.00       1
  110        0.75       70.00       1
  111        1.80       70.00       1
  112        3.27       70.00       1
  113        5.33       70.00       1
  114        9.52       70.00       1
  115        0.00       68.00       1
  116        0.75       68.00       1
  117        1.80       68.00       1
  118        3.27       68.00       1
  119        5.33       68.00       1
  120        9.52       68.00       1
  121        0.00       63.80       1
  122        0.75       63.80       1
  123        1.80       63.80       1
  124        3.27       63.80       1
  125        5.33       63.80       1
  126        9.52       63.80       1
  127        0.00       55.00       1
  128        0.75       55.00       1
  129        1.80       55.00       1
  130        3.27       55.00       1
  131        5.33       55.00       1
  132        9.52       55.00       1
  133        0.00       50.32       1
  134        0.75       50.32       1
  135        1.80       50.32       1
  136        3.27       50.32       1
  137        5.33       50.32       1
  138        9.52       50.32       1
  139        0.00       45.20       1
  140        0.75       45.20       1
  141        1.80       45.20       1
  142        3.27       45.20       1
  143        5.33       45.20       1
  144        9.52       45.20       1
  145        0.00       42.00       1
  146        0.75       42.00       1
  147        1.80       42.00       1
  148        3.27       42.00       1
  149        5.33       42.00       1
  150        9.52       42.00       1
  151        0.00       40.00       1
  152        0.75       40.00       1
  153        1.80       40.00       1
  154        3.27       40.00       1
  155        5.33       40.00       1
  156        9.52       40.00       1
  157        0.00       38.00       1
  158        0.75       38.00       1
  159        1.80       38.00       1
  160        3.27       38.00       1
  161        5.33       38.00       1
  162        9.52       38.00       1
  163        0.00       33.80       1
  164        0.75       33.80       1
  165        1.80       33.80       1
  166        3.27       33.80       1
  167        5.33       33.80       1
  168        9.52       33.80       1
  169        0.00       20.00       1
  170        0.75       20.00       1
  171        1.80       20.00       1
  172        3.27       20.00       1
  173        5.33       20.00       1
  174        9.52       20.00       1
  175        0.00       10.32       1
  176        0.75       10.32       1
  177        1.80       10.32       1
  178        3.27       10.32       1
  179        5.33       10.32       1
  180        9.52       10.32       1
  181        0.00        5.20       1
  182        0.75        5.20       1
  183        1.80        5.20       1
  184        3.27        5.20       1
  185        5.33        5.20       1
  186        9.52        5.20       1
  187        0.00        2.00       1
  188        0.75        2.00       1
  189        1.80        2.00       1
  190        3.27        2.00       1
  191        5.33        2.00       1
  192        9.52        2.00       1
***************** ELEMENT INFORMATION ******************************************************
         e         i         j         k         l     MatNumE
         1         1         7         8         2         1
         2         2         8         9         3         1
         3         3         9        10         4         1
         4         4        10        11         5         1
         5         5        11        12         6         1
         6         7        13        14         8         1
         7         8        14        15         9         1
         8         9        15        16        10         1
         9        10        16        17        11         1
        10        11        17        18        12         1
        11        13        19        20        14         1
        12        14        20        21        15         1
        13        15        21        22        16         1
        14        16        22        23        17         1
        15        17        23        24        18         1
        16        19        25        26        20         1
        17        20        26        27        21         1
        18        21        27        28        22         1
        19        22        28        29        23         1
        20        23        29        30        24         1
        21        25        31        32        26         1
        22        26        32        33        27         1
        23        27        33        34        28         1
        24        28        34        35        29         1
        25        29        35        36        30         1
        26        31        37        38        32         1
        27        32        38        39        33         1
        28        33        39        40        34         1
        29        34        40        41        35         1
        30        35        41        42        36         1
        31        37        43        44        38         1
        32        38        44        45        39         1
        33        39        45        46        40         1
        34        40        46        47        41         1
        35        41        47        48        42         1
        36        43        49        50        44         1
        37        44        50        51        45         1
        38        45        51        52        46         1
        39        46        52        53        47         1
        40        47        53        54        48         1
        41        49        55        56        50         1
        42        50        56        57        51         1
        43        51        57        58        52         1
        44        52        58        59        53         1
        45        53        59        60        54         1
        46        55        61        62        56         1
        47        56        62        63        57         1
        48        57        63        64        58         1
        49        58        64        65        59         1
        50        59        65        66        60         1
        51        61        67        68        62         1
        52        62        68        69        63         1
        53        63        69        70        64         1
        54        64        70        71        65         1
        55        65        71        72        66         1
        56        67        73        74        68         1
        57        68        74        75        69         1
        58        69        75        76        70         1
        59        70        76        77        71         1
        60        71        77        78        72         1
        61        73        79        80        74         1
        62        74        80        81        75         1
        63        75        81        82        76         1
        64        76        82        83        77         1
        65        77        83        84        78         1
        66        79        85        86        80         1
        67        80        86        87        81         1
        68        81        87        88        82         1
        69        82        88        89        83         1
        70        83        89        90        84         1
        71        85        91        92        86         1
        72        86        92        93        87         1
        73        87        93        94        88         1
        74        88        94        95        89         1
        75        89        95        96        90         1
        76        91        97        98        92         1
        77        92        98        99        93         1
        78        93        99       100        94         1
        79        94       100       101        95         1
        80        95       101       102        96         1
        81        97       103       104        98         1
        82        98       104       105        99         1
        83        99       105       106       100         1
        84       100       106       107       101         1
        85       101       107       108       102         1
        86       103       109       110       104         1
        87       104       110       111       105         1
        88       105       111       112       106         1
        89       106       112       113       107         1
        90       107       113       114       108         1
        91       109       115       116       110         1
        92       110       116       117       111         1
        93       111       117       118       112         1
        94       112       118       119       113         1
        95       113       119       120       114         1
        96       115       121       122       116         1
        97       116       122       123       117         1
        98       117       123       124       118         1
        99       118       124       125       119         1
       100       119       125       126       120         1
       101       121       127       128       122         1
       102       122       128       129       123         1
       103       123       129       130       124         1
       104       124       130       131       125         1
       105       125       131       132       126         1
       106       127       133       134       128         1
       107       128       134       135       129         1
       108       129       135       136       130         1
       109       130       136       137       131         1
       110       131       137       138       132         1
       111       133       139       140       134         1
       112       134       140       141       135         1
       113       135       141       142       136         1
       114       136       142       143       137         1
       115       137       143       144       138         1
       116       139       145       146       140         1
       117       140       146       147       141         1
       118       141       147       148       142         1
       119       142       148       149       143         1
       120       143       149       150       144         1
       121       145       151       152       146         1
       122       146       152       153       147         1
       123       147       153       154       148         1
       124       148       154       155       149         1
       125       149       155       156       150         1
       126       151       157       158       152         1
       127       152       158       159       153         1
       128       153       159       160       154         1
       129       154       160       161       155         1
       130       155       161       162       156         1
       131       157       163       164       158         1
       132       158       164       165       159         1
       133       159       165       166       160         1
       134       160       166       167       161         1
       135       161       167       168       162         1
       136       163       169       170       164         1
       137       164       170       171       165         1
       138       165       171       172       166         1
       139       166       172       173       167         1
       140       167       173       174       168         1
       141       169       175       176       170         1
       142       170       176       177       171         1
       143       171       177       178       172         1
       144       172       178       179       173         1
       145       173       179       180       174         1
       146       175       181       182       176         1
       147       176       182       183       177         1
       148       177       183       184       178         1
       149       178       184       185       179         1
       150       179       185       186       180         1
       151       181       187       188       182         1
       152       182       188       189       183         1
       153       183       189       190       184         1
       154       184       190       191       185         1
       155       185       191       192       186         1
****************Boundary geometry information**************************************
    n  CodeW  CodeC  CodeH  CodeG  Width
    1 -4    0     -4    -4      0.38
    2 -4    0     -4    -4      0.90
    3 -4    0     -4    -4      1.26
    4 -4    0     -4    -4      1.76
    5 -4    0     -4    -4      3.13
    6 -4    0     -4    -4      2.10
  187   -7   0       1         1      0.38
  188   -7   0       1         1      0.90
  189   -7   0       1         1      1.26
  190   -7   0       1         1      1.76
  191   -7   0       1         1      3.13
  192   -7   0       1         1      2.10
***************************Seepage face information********************************************
NSeep
  0
***************************Drainage Boundaries******************************************
NDrain
0
